19303738394144
19303738394145
19303738394146
19303738394244
19303738394245
19303738394246
19303738394344
19303738394345
19303738394346
19303738404144
19303738404145
19303738404146
19303738404244
19303738404245
19303738404246
19303738404344
19303738404345
19303738404346
19303738414144
19303738414145
19303738414146
19303738414244
19303738414245
19303738414246
19303738414344
19303738414345
19303738414346
19303739394144
19303739394145
19303739394146
19303739394244
19303739394245
19303739394246
19303739394344
19303739394345
19303739394346
19303739404144
19303739404145
19303739404146
19303739404244
19303739404245
19303739404246
19303739404344
19303739404345
19303739404346
19303739414144
19303739414145
19303739414146
19303739414244
19303739414245
19303739414246
19303739414344
19303739414345
19303739414346
19303740394144
19303740394145
19303740394146
19303740394244
19303740394245
19303740394246
19303740394344
19303740394345
19303740394346
19303740404144
19303740404145
19303740404146
19303740404244
19303740404245
19303740404246
19303740404344
19303740404345
19303740404346
19303740414144
19303740414145
19303740414146
19303740414244
19303740414245
19303740414246
19303740414344
19303740414345
19303740414346
19303838394144
19303838394145
19303838394146
19303838394244
19303838394245
19303838394246
19303838394344
19303838394345
19303838394346
19303838404144
19303838404145
19303838404146
19303838404244
19303838404245
19303838404246
19303838404344
19303838404345
19303838404346
19303838414144
19303838414145
19303838414146
19303838414244
19303838414245
19303838414246
19303838414344
19303838414345
19303838414346
19303839394144
19303839394145
19303839394146
19303839394244
19303839394245
19303839394246
19303839394344
19303839394345
19303839394346
19303839404144
19303839404145
19303839404146
19303839404244
19303839404245
19303839404246
19303839404344
19303839404345
19303839404346
19303839414144
19303839414145
19303839414146
19303839414244
19303839414245
19303839414246
19303839414344
19303839414345
19303839414346
19303840394144
19303840394145
19303840394146
19303840394244
19303840394245
19303840394246
19303840394344
19303840394345
19303840394346
19303840404144
19303840404145
19303840404146
19303840404244
19303840404245
19303840404246
19303840404344
19303840404345
19303840404346
19303840414144
19303840414145
19303840414146
19303840414244
19303840414245
19303840414246
19303840414344
19303840414345
19303840414346
19303938394144
19303938394145
19303938394146
19303938394244
19303938394245
19303938394246
19303938394344
19303938394345
19303938394346
19303938404144
19303938404145
19303938404146
19303938404244
19303938404245
19303938404246
19303938404344
19303938404345
19303938404346
19303938414144
19303938414145
19303938414146
19303938414244
19303938414245
19303938414246
19303938414344
19303938414345
19303938414346
19303939394144
19303939394145
19303939394146
19303939394244
19303939394245
19303939394246
19303939394344
19303939394345
19303939394346
19303939404144
19303939404145
19303939404146
19303939404244
19303939404245
19303939404246
19303939404344
19303939404345
19303939404346
19303939414144
19303939414145
19303939414146
19303939414244
19303939414245
19303939414246
19303939414344
19303939414345
19303939414346
19303940394144
19303940394145
19303940394146
19303940394244
19303940394245
19303940394246
19303940394344
19303940394345
19303940394346
19303940404144
19303940404145
19303940404146
19303940404244
19303940404245
19303940404246
19303940404344
19303940404345
19303940404346
19303940414144
19303940414145
19303940414146
19303940414244
19303940414245
19303940414246
19303940414344
19303940414345
19303940414346
19313738394144
19313738394145
19313738394146
19313738394244
19313738394245
19313738394246
19313738394344
19313738394345
19313738394346
19313738404144
19313738404145
19313738404146
19313738404244
19313738404245
19313738404246
19313738404344
19313738404345
19313738404346
19313738414144
19313738414145
19313738414146
19313738414244
19313738414245
19313738414246
19313738414344
19313738414345
19313738414346
19313739394144
19313739394145
19313739394146
19313739394244
19313739394245
19313739394246
19313739394344
19313739394345
19313739394346
19313739404144
19313739404145
19313739404146
19313739404244
19313739404245
19313739404246
19313739404344
19313739404345
19313739404346
19313739414144
19313739414145
19313739414146
19313739414244
19313739414245
19313739414246
19313739414344
19313739414345
19313739414346
19313740394144
19313740394145
19313740394146
19313740394244
19313740394245
19313740394246
19313740394344
19313740394345
19313740394346
19313740404144
19313740404145
19313740404146
19313740404244
19313740404245
19313740404246
19313740404344
19313740404345
19313740404346
19313740414144
19313740414145
19313740414146
19313740414244
19313740414245
19313740414246
19313740414344
19313740414345
19313740414346
19313838394144
19313838394145
19313838394146
19313838394244
19313838394245
19313838394246
19313838394344
19313838394345
19313838394346
19313838404144
19313838404145
19313838404146
19313838404244
19313838404245
19313838404246
19313838404344
19313838404345
19313838404346
19313838414144
19313838414145
19313838414146
19313838414244
19313838414245
19313838414246
19313838414344
19313838414345
19313838414346
19313839394144
19313839394145
19313839394146
19313839394244
19313839394245
19313839394246
19313839394344
19313839394345
19313839394346
19313839404144
19313839404145
19313839404146
19313839404244
19313839404245
19313839404246
19313839404344
19313839404345
19313839404346
19313839414144
19313839414145
19313839414146
19313839414244
19313839414245
19313839414246
19313839414344
19313839414345
19313839414346
19313840394144
19313840394145
19313840394146
19313840394244
19313840394245
19313840394246
19313840394344
19313840394345
19313840394346
19313840404144
19313840404145
19313840404146
19313840404244
19313840404245
19313840404246
19313840404344
19313840404345
19313840404346
19313840414144
19313840414145
19313840414146
19313840414244
19313840414245
19313840414246
19313840414344
19313840414345
19313840414346
19313938394144
19313938394145
19313938394146
19313938394244
19313938394245
19313938394246
19313938394344
19313938394345
19313938394346
19313938404144
19313938404145
19313938404146
19313938404244
19313938404245
19313938404246
19313938404344
19313938404345
19313938404346
19313938414144
19313938414145
19313938414146
19313938414244
19313938414245
19313938414246
19313938414344
19313938414345
19313938414346
19313939394144
19313939394145
19313939394146
19313939394244
19313939394245
19313939394246
19313939394344
19313939394345
19313939394346
19313939404144
19313939404145
19313939404146
19313939404244
19313939404245
19313939404246
19313939404344
19313939404345
19313939404346
19313939414144
19313939414145
19313939414146
19313939414244
19313939414245
19313939414246
19313939414344
19313939414345
19313939414346
19313940394144
19313940394145
19313940394146
19313940394244
19313940394245
19313940394246
19313940394344
19313940394345
19313940394346
19313940404144
19313940404145
19313940404146
19313940404244
19313940404245
19313940404246
19313940404344
19313940404345
19313940404346
19313940414144
19313940414145
19313940414146
19313940414244
19313940414245
19313940414246
19313940414344
19313940414345
19313940414346
19323738394144
19323738394145
19323738394146
19323738394244
19323738394245
19323738394246
19323738394344
19323738394345
19323738394346
19323738404144
19323738404145
19323738404146
19323738404244
19323738404245
19323738404246
19323738404344
19323738404345
19323738404346
19323738414144
19323738414145
19323738414146
19323738414244
19323738414245
19323738414246
19323738414344
19323738414345
19323738414346
19323739394144
19323739394145
19323739394146
19323739394244
19323739394245
19323739394246
19323739394344
19323739394345
19323739394346
19323739404144
19323739404145
19323739404146
19323739404244
19323739404245
19323739404246
19323739404344
19323739404345
19323739404346
19323739414144
19323739414145
19323739414146
19323739414244
19323739414245
19323739414246
19323739414344
19323739414345
19323739414346
19323740394144
19323740394145
19323740394146
19323740394244
19323740394245
19323740394246
19323740394344
19323740394345
19323740394346
19323740404144
19323740404145
19323740404146
19323740404244
19323740404245
19323740404246
19323740404344
19323740404345
19323740404346
19323740414144
19323740414145
19323740414146
19323740414244
19323740414245
19323740414246
19323740414344
19323740414345
19323740414346
19323838394144
19323838394145
19323838394146
19323838394244
19323838394245
19323838394246
19323838394344
19323838394345
19323838394346
19323838404144
19323838404145
19323838404146
19323838404244
19323838404245
19323838404246
19323838404344
19323838404345
19323838404346
19323838414144
19323838414145
19323838414146
19323838414244
19323838414245
19323838414246
19323838414344
19323838414345
19323838414346
19323839394144
19323839394145
19323839394146
19323839394244
19323839394245
19323839394246
19323839394344
19323839394345
19323839394346
19323839404144
19323839404145
19323839404146
19323839404244
19323839404245
19323839404246
19323839404344
19323839404345
19323839404346
19323839414144
19323839414145
19323839414146
19323839414244
19323839414245
19323839414246
19323839414344
19323839414345
19323839414346
19323840394144
19323840394145
19323840394146
19323840394244
19323840394245
19323840394246
19323840394344
19323840394345
19323840394346
19323840404144
19323840404145
19323840404146
19323840404244
19323840404245
19323840404246
19323840404344
19323840404345
19323840404346
19323840414144
19323840414145
19323840414146
19323840414244
19323840414245
19323840414246
19323840414344
19323840414345
19323840414346
19323938394144
19323938394145
19323938394146
19323938394244
19323938394245
19323938394246
19323938394344
19323938394345
19323938394346
19323938404144
19323938404145
19323938404146
19323938404244
19323938404245
19323938404246
19323938404344
19323938404345
19323938404346
19323938414144
19323938414145
19323938414146
19323938414244
19323938414245
19323938414246
19323938414344
19323938414345
19323938414346
19323939394144
19323939394145
19323939394146
19323939394244
19323939394245
19323939394246
19323939394344
19323939394345
19323939394346
19323939404144
19323939404145
19323939404146
19323939404244
19323939404245
19323939404246
19323939404344
19323939404345
19323939404346
19323939414144
19323939414145
19323939414146
19323939414244
19323939414245
19323939414246
19323939414344
19323939414345
19323939414346
19323940394144
19323940394145
19323940394146
19323940394244
19323940394245
19323940394246
19323940394344
19323940394345
19323940394346
19323940404144
19323940404145
19323940404146
19323940404244
19323940404245
19323940404246
19323940404344
19323940404345
19323940404346
19323940414144
19323940414145
19323940414146
19323940414244
19323940414245
19323940414246
19323940414344
19323940414345
19323940414346
20303738394144
20303738394145
20303738394146
20303738394244
20303738394245
20303738394246
20303738394344
20303738394345
20303738394346
20303738404144
20303738404145
20303738404146
20303738404244
20303738404245
20303738404246
20303738404344
20303738404345
20303738404346
20303738414144
20303738414145
20303738414146
20303738414244
20303738414245
20303738414246
20303738414344
20303738414345
20303738414346
20303739394144
20303739394145
20303739394146
20303739394244
20303739394245
20303739394246
20303739394344
20303739394345
20303739394346
20303739404144
20303739404145
20303739404146
20303739404244
20303739404245
20303739404246
20303739404344
20303739404345
20303739404346
20303739414144
20303739414145
20303739414146
20303739414244
20303739414245
20303739414246
20303739414344
20303739414345
20303739414346
20303740394144
20303740394145
20303740394146
20303740394244
20303740394245
20303740394246
20303740394344
20303740394345
20303740394346
20303740404144
20303740404145
20303740404146
20303740404244
20303740404245
20303740404246
20303740404344
20303740404345
20303740404346
20303740414144
20303740414145
20303740414146
20303740414244
20303740414245
20303740414246
20303740414344
20303740414345
20303740414346
20303838394144
20303838394145
20303838394146
20303838394244
20303838394245
20303838394246
20303838394344
20303838394345
20303838394346
20303838404144
20303838404145
20303838404146
20303838404244
20303838404245
20303838404246
20303838404344
20303838404345
20303838404346
20303838414144
20303838414145
20303838414146
20303838414244
20303838414245
20303838414246
20303838414344
20303838414345
20303838414346
20303839394144
20303839394145
20303839394146
20303839394244
20303839394245
20303839394246
20303839394344
20303839394345
20303839394346
20303839404144
20303839404145
20303839404146
20303839404244
20303839404245
20303839404246
20303839404344
20303839404345
20303839404346
20303839414144
20303839414145
20303839414146
20303839414244
20303839414245
20303839414246
20303839414344
20303839414345
20303839414346
20303840394144
20303840394145
20303840394146
20303840394244
20303840394245
20303840394246
20303840394344
20303840394345
20303840394346
20303840404144
20303840404145
20303840404146
20303840404244
20303840404245
20303840404246
20303840404344
20303840404345
20303840404346
20303840414144
20303840414145
20303840414146
20303840414244
20303840414245
20303840414246
20303840414344
20303840414345
20303840414346
20303938394144
20303938394145
20303938394146
20303938394244
20303938394245
20303938394246
20303938394344
20303938394345
20303938394346
20303938404144
20303938404145
20303938404146
20303938404244
20303938404245
20303938404246
20303938404344
20303938404345
20303938404346
20303938414144
20303938414145
20303938414146
20303938414244
20303938414245
20303938414246
20303938414344
20303938414345
20303938414346
20303939394144
20303939394145
20303939394146
20303939394244
20303939394245
20303939394246
20303939394344
20303939394345
20303939394346
20303939404144
20303939404145
20303939404146
20303939404244
20303939404245
20303939404246
20303939404344
20303939404345
20303939404346
20303939414144
20303939414145
20303939414146
20303939414244
20303939414245
20303939414246
20303939414344
20303939414345
20303939414346
20303940394144
20303940394145
20303940394146
20303940394244
20303940394245
20303940394246
20303940394344
20303940394345
20303940394346
20303940404144
20303940404145
20303940404146
20303940404244
20303940404245
20303940404246
20303940404344
20303940404345
20303940404346
20303940414144
20303940414145
20303940414146
20303940414244
20303940414245
20303940414246
20303940414344
20303940414345
20303940414346
20313738394144
20313738394145
20313738394146
20313738394244
20313738394245
20313738394246
20313738394344
20313738394345
20313738394346
20313738404144
20313738404145
20313738404146
20313738404244
20313738404245
20313738404246
20313738404344
20313738404345
20313738404346
20313738414144
20313738414145
20313738414146
20313738414244
20313738414245
20313738414246
20313738414344
20313738414345
20313738414346
20313739394144
20313739394145
20313739394146
20313739394244
20313739394245
20313739394246
20313739394344
20313739394345
20313739394346
20313739404144
20313739404145
20313739404146
20313739404244
20313739404245
20313739404246
20313739404344
20313739404345
20313739404346
20313739414144
20313739414145
20313739414146
20313739414244
20313739414245
20313739414246
20313739414344
20313739414345
20313739414346
20313740394144
20313740394145
20313740394146
20313740394244
20313740394245
20313740394246
20313740394344
20313740394345
20313740394346
20313740404144
20313740404145
20313740404146
20313740404244
20313740404245
20313740404246
20313740404344
20313740404345
20313740404346
20313740414144
20313740414145
20313740414146
20313740414244
20313740414245
20313740414246
20313740414344
20313740414345
20313740414346
20313838394144
20313838394145
20313838394146
20313838394244
20313838394245
20313838394246
20313838394344
20313838394345
20313838394346
20313838404144
20313838404145
20313838404146
20313838404244
20313838404245
20313838404246
20313838404344
20313838404345
20313838404346
20313838414144
20313838414145
20313838414146
20313838414244
20313838414245
20313838414246
20313838414344
20313838414345
20313838414346
20313839394144
20313839394145
20313839394146
20313839394244
20313839394245
20313839394246
20313839394344
20313839394345
20313839394346
20313839404144
20313839404145
20313839404146
20313839404244
20313839404245
  255   20313839404245
20313839404246
20313839404344
20313839404345
20313839404346
20313839414144
20313839414145
20313839414146
20313839414244
20313839414245
20313839414246
20313839414344
20313839414345
20313839414346
20313840394144
20313840394145
20313840394146
20313840394244
20313840394245
  255   20313839404245
20313840394246
20313840394344
20313840394345
20313840394346
20313840404144
20313840404145
20313840404146
20313840404244
20313840404245
20313840404246
20313840404344
20313840404345
20313840404346
20313840414144
20313840414145
20313840414146
20313840414244
20313840414245
20313840414246
20313840414344
20313840414345
20313840414346
20313938394144
20313938394145
20313938394146
20313938394244
20313938394245
20313938394246
20313938394344
20313938394345
20313938394346
20313938404144
20313938404145
20313938404146
20313938404244
20313938404245
  255   20313839404245
20313938404246
20313938404344
20313938404345
20313938404346
20313938414144
20313938414145
20313938414146
20313938414244
20313938414245
20313938414246
20313938414344
20313938414345
20313938414346
20313939394144
20313939394145
20313939394146
20313939394244
20313939394245
20313939394246
20313939394344
20313939394345
20313939394346
20313939404144
20313939404145
20313939404146
20313939404244
20313939404245
20313939404246
20313939404344
20313939404345
20313939404346
20313939414144
20313939414145
20313939414146
20313939414244
20313939414245
20313939414246
20313939414344
20313939414345
20313939414346
20313940394144
20313940394145
20313940394146
20313940394244
20313940394245
20313940394246
20313940394344
20313940394345
20313940394346
20313940404144
20313940404145
20313940404146
20313940404244
20313940404245
20313940404246
20313940404344
20313940404345
20313940404346
20313940414144
20313940414145
20313940414146
20313940414244
20313940414245
20313940414246
20313940414344
20313940414345
20313940414346
20323738394144
20323738394145
20323738394146
20323738394244
20323738394245
20323738394246
20323738394344
20323738394345
20323738394346
20323738404144
20323738404145
20323738404146
20323738404244
20323738404245
20323738404246
20323738404344
20323738404345
20323738404346
20323738414144
20323738414145
20323738414146
20323738414244
20323738414245
20323738414246
20323738414344
20323738414345
20323738414346
20323739394144
20323739394145
20323739394146
20323739394244
20323739394245
20323739394246
20323739394344
20323739394345
20323739394346
20323739404144
20323739404145
20323739404146
20323739404244
20323739404245
20323739404246
20323739404344
20323739404345
20323739404346
20323739414144
20323739414145
20323739414146
20323739414244
20323739414245
20323739414246
20323739414344
20323739414345
20323739414346
20323740394144
20323740394145
20323740394146
20323740394244
20323740394245
20323740394246
20323740394344
20323740394345
20323740394346
20323740404144
20323740404145
20323740404146
20323740404244
20323740404245
20323740404246
20323740404344
20323740404345
20323740404346
20323740414144
20323740414145
20323740414146
20323740414244
20323740414245
20323740414246
20323740414344
20323740414345
20323740414346
20323838394144
20323838394145
20323838394146
20323838394244
20323838394245
20323838394246
20323838394344
20323838394345
20323838394346
20323838404144
20323838404145
20323838404146
20323838404244
20323838404245
20323838404246
20323838404344
20323838404345
20323838404346
20323838414144
20323838414145
20323838414146
20323838414244
20323838414245
20323838414246
20323838414344
20323838414345
20323838414346
20323839394144
20323839394145
20323839394146
20323839394244
20323839394245
20323839394246
20323839394344
20323839394345
20323839394346
20323839404144
20323839404145
20323839404146
20323839404244
20323839404245
20323839404246
20323839404344
20323839404345
20323839404346
20323839414144
20323839414145
20323839414146
20323839414244
20323839414245
20323839414246
20323839414344
20323839414345
20323839414346
20323840394144
20323840394145
20323840394146
20323840394244
20323840394245
20323840394246
20323840394344
20323840394345
20323840394346
20323840404144
20323840404145
20323840404146
20323840404244
20323840404245
20323840404246
20323840404344
20323840404345
20323840404346
20323840414144
20323840414145
20323840414146
20323840414244
20323840414245
20323840414246
20323840414344
20323840414345
20323840414346
20323938394144
20323938394145
20323938394146
20323938394244
20323938394245
20323938394246
20323938394344
20323938394345
20323938394346
20323938404144
20323938404145
20323938404146
20323938404244
20323938404245
20323938404246
20323938404344
20323938404345
20323938404346
20323938414144
20323938414145
20323938414146
20323938414244
20323938414245
20323938414246
20323938414344
20323938414345
20323938414346
20323939394144
20323939394145
20323939394146
20323939394244
20323939394245
20323939394246
20323939394344
20323939394345
20323939394346
20323939404144
20323939404145
20323939404146
20323939404244
20323939404245
20323939404246
20323939404344
20323939404345
20323939404346
20323939414144
20323939414145
20323939414146
20323939414244
20323939414245
20323939414246
20323939414344
20323939414345
20323939414346
20323940394144
20323940394145
20323940394146
20323940394244
20323940394245
20323940394246
20323940394344
20323940394345
20323940394346
20323940404144
20323940404145
20323940404146
20323940404244
20323940404245
20323940404246
20323940404344
20323940404345
20323940404346
20323940414144
20323940414145
20323940414146
20323940414244
20323940414245
20323940414246
20323940414344
20323940414345
20323940414346
  261   20323940414346
21303738394144
21303738394145
21303738394146
21303738394244
21303738394245
21303738394246
21303738394344
21303738394345
21303738394346
21303738404144
21303738404145
21303738404146
21303738404244
21303738404245
21303738404246
21303738404344
21303738404345
21303738404346
21303738414144
21303738414145
21303738414146
21303738414244
21303738414245
21303738414246
21303738414344
21303738414345
21303738414346
21303739394144
21303739394145
21303739394146
21303739394244
21303739394245
21303739394246
21303739394344
21303739394345
21303739394346
21303739404144
21303739404145
21303739404146
21303739404244
21303739404245
21303739404246
21303739404344
21303739404345
21303739404346
21303739414144
21303739414145
21303739414146
21303739414244
21303739414245
21303739414246
21303739414344
21303739414345
21303739414346
21303740394144
21303740394145
21303740394146
21303740394244
21303740394245
21303740394246
21303740394344
21303740394345
21303740394346
21303740404144
21303740404145
21303740404146
21303740404244
21303740404245
21303740404246
21303740404344
21303740404345
21303740404346
21303740414144
21303740414145
21303740414146
21303740414244
21303740414245
21303740414246
21303740414344
21303740414345
21303740414346
21303838394144
21303838394145
21303838394146
21303838394244
21303838394245
21303838394246
21303838394344
21303838394345
21303838394346
21303838404144
21303838404145
21303838404146
21303838404244
21303838404245
21303838404246
21303838404344
21303838404345
21303838404346
21303838414144
21303838414145
21303838414146
21303838414244
21303838414245
21303838414246
21303838414344
21303838414345
21303838414346
21303839394144
21303839394145
21303839394146
21303839394244
21303839394245
21303839394246
21303839394344
21303839394345
21303839394346
21303839404144
21303839404145
21303839404146
21303839404244
21303839404245
21303839404246
21303839404344
21303839404345
21303839404346
21303839414144
21303839414145
21303839414146
21303839414244
21303839414245
21303839414246
21303839414344
21303839414345
21303839414346
21303840394144
21303840394145
21303840394146
21303840394244
21303840394245
21303840394246
21303840394344
21303840394345
21303840394346
21303840404144
21303840404145
21303840404146
21303840404244
21303840404245
21303840404246
21303840404344
21303840404345
21303840404346
21303840414144
21303840414145
21303840414146
21303840414244
21303840414245
21303840414246
21303840414344
21303840414345
21303840414346
21303938394144
21303938394145
21303938394146
21303938394244
21303938394245
21303938394246
21303938394344
21303938394345
21303938394346
21303938404144
21303938404145
21303938404146
21303938404244
21303938404245
21303938404246
21303938404344
21303938404345
21303938404346
21303938414144
21303938414145
21303938414146
21303938414244
21303938414245
21303938414246
21303938414344
21303938414345
21303938414346
21303939394144
21303939394145
21303939394146
21303939394244
21303939394245
21303939394246
21303939394344
21303939394345
21303939394346
21303939404144
21303939404145
21303939404146
21303939404244
21303939404245
21303939404246
21303939404344
21303939404345
21303939404346
21303939414144
21303939414145
21303939414146
21303939414244
21303939414245
21303939414246
21303939414344
21303939414345
21303939414346
21303940394144
21303940394145
21303940394146
21303940394244
21303940394245
21303940394246
21303940394344
21303940394345
21303940394346
21303940404144
21303940404145
21303940404146
21303940404244
21303940404245
21303940404246
21303940404344
21303940404345
21303940404346
21303940414144
21303940414145
21303940414146
21303940414244
21303940414245
21303940414246
21303940414344
21303940414345
21303940414346
21313738394144
21313738394145
21313738394146
21313738394244
21313738394245
21313738394246
21313738394344
21313738394345
21313738394346
21313738404144
21313738404145
21313738404146
21313738404244
21313738404245
21313738404246
21313738404344
21313738404345
21313738404346
21313738414144
21313738414145
21313738414146
21313738414244
21313738414245
21313738414246
21313738414344
21313738414345
21313738414346
21313739394144
21313739394145
21313739394146
21313739394244
21313739394245
21313739394246
21313739394344
21313739394345
21313739394346
21313739404144
21313739404145
21313739404146
21313739404244
21313739404245
21313739404246
21313739404344
21313739404345
21313739404346
21313739414144
21313739414145
21313739414146
21313739414244
21313739414245
21313739414246
21313739414344
21313739414345
21313739414346
21313740394144
21313740394145
21313740394146
21313740394244
21313740394245
21313740394246
21313740394344
21313740394345
21313740394346
21313740404144
21313740404145
21313740404146
21313740404244
21313740404245
21313740404246
21313740404344
21313740404345
21313740404346
21313740414144
21313740414145
21313740414146
21313740414244
21313740414245
21313740414246
21313740414344
21313740414345
21313740414346
21313838394144
21313838394145
21313838394146
21313838394244
21313838394245
21313838394246
21313838394344
21313838394345
21313838394346
21313838404144
21313838404145
21313838404146
21313838404244
21313838404245
21313838404246
21313838404344
21313838404345
21313838404346
21313838414144
21313838414145
21313838414146
21313838414244
21313838414245
21313838414246
21313838414344
21313838414345
21313838414346
21313839394144
21313839394145
21313839394146
21313839394244
21313839394245
21313839394246
21313839394344
21313839394345
21313839394346
21313839404144
21313839404145
21313839404146
21313839404244
21313839404245
21313839404246
21313839404344
21313839404345
21313839404346
21313839414144
21313839414145
21313839414146
21313839414244
21313839414245
21313839414246
21313839414344
21313839414345
21313839414346
21313840394144
21313840394145
21313840394146
21313840394244
21313840394245
21313840394246
21313840394344
21313840394345
21313840394346
21313840404144
21313840404145
21313840404146
21313840404244
21313840404245
21313840404246
21313840404344
21313840404345
21313840404346
21313840414144
21313840414145
21313840414146
21313840414244
21313840414245
21313840414246
21313840414344
21313840414345
21313840414346
21313938394144
21313938394145
21313938394146
21313938394244
21313938394245
21313938394246
21313938394344
21313938394345
21313938394346
21313938404144
21313938404145
21313938404146
21313938404244
21313938404245
21313938404246
21313938404344
21313938404345
21313938404346
21313938414144
21313938414145
21313938414146
21313938414244
21313938414245
21313938414246
21313938414344
21313938414345
21313938414346
21313939394144
21313939394145
21313939394146
21313939394244
21313939394245
21313939394246
21313939394344
21313939394345
21313939394346
21313939404144
21313939404145
21313939404146
21313939404244
21313939404245
21313939404246
21313939404344
21313939404345
21313939404346
21313939414144
21313939414145
21313939414146
21313939414244
21313939414245
21313939414246
21313939414344
21313939414345
21313939414346
21313940394144
21313940394145
21313940394146
21313940394244
21313940394245
21313940394246
21313940394344
21313940394345
21313940394346
21313940404144
21313940404145
21313940404146
21313940404244
21313940404245
21313940404246
21313940404344
21313940404345
21313940404346
21313940414144
21313940414145
21313940414146
21313940414244
21313940414245
21313940414246
21313940414344
21313940414345
21313940414346
21323738394144
21323738394145
21323738394146
21323738394244
21323738394245
21323738394246
21323738394344
21323738394345
21323738394346
21323738404144
21323738404145
21323738404146
21323738404244
21323738404245
21323738404246
21323738404344
21323738404345
21323738404346
21323738414144
21323738414145
21323738414146
21323738414244
21323738414245
21323738414246
21323738414344
21323738414345
21323738414346
21323739394144
21323739394145
21323739394146
21323739394244
21323739394245
21323739394246
21323739394344
21323739394345
21323739394346
21323739404144
21323739404145
21323739404146
21323739404244
21323739404245
21323739404246
21323739404344
21323739404345
21323739404346
21323739414144
21323739414145
21323739414146
21323739414244
21323739414245
21323739414246
21323739414344
21323739414345
21323739414346
21323740394144
21323740394145
21323740394146
21323740394244
21323740394245
21323740394246
21323740394344
21323740394345
21323740394346
21323740404144
21323740404145
21323740404146
21323740404244
21323740404245
21323740404246
21323740404344
21323740404345
21323740404346
21323740414144
21323740414145
21323740414146
21323740414244
21323740414245
21323740414246
21323740414344
21323740414345
21323740414346
21323838394144
21323838394145
21323838394146
21323838394244
21323838394245
21323838394246
21323838394344
21323838394345
21323838394346
21323838404144
21323838404145
21323838404146
21323838404244
21323838404245
21323838404246
21323838404344
21323838404345
21323838404346
21323838414144
21323838414145
21323838414146
21323838414244
21323838414245
21323838414246
21323838414344
21323838414345
21323838414346
21323839394144
21323839394145
21323839394146
21323839394244
21323839394245
21323839394246
21323839394344
21323839394345
21323839394346
21323839404144
21323839404145
21323839404146
21323839404244
21323839404245
21323839404246
21323839404344
21323839404345
21323839404346
21323839414144
21323839414145
21323839414146
21323839414244
21323839414245
21323839414246
21323839414344
21323839414345
21323839414346
21323840394144
21323840394145
21323840394146
21323840394244
21323840394245
21323840394246
21323840394344
21323840394345
21323840394346
21323840404144
21323840404145
21323840404146
21323840404244
21323840404245
21323840404246
21323840404344
21323840404345
21323840404346
21323840414144
21323840414145
21323840414146
21323840414244
21323840414245
21323840414246
21323840414344
21323840414345
21323840414346
21323938394144
21323938394145
21323938394146
21323938394244
21323938394245
21323938394246
21323938394344
21323938394345
21323938394346
21323938404144
21323938404145
21323938404146
21323938404244
21323938404245
21323938404246
21323938404344
21323938404345
21323938404346
21323938414144
21323938414145
21323938414146
21323938414244
21323938414245
21323938414246
21323938414344
21323938414345
21323938414346
21323939394144
21323939394145
21323939394146
21323939394244
21323939394245
21323939394246
21323939394344
21323939394345
21323939394346
21323939404144
21323939404145
21323939404146
21323939404244
21323939404245
21323939404246
21323939404344
21323939404345
21323939404346
21323939414144
21323939414145
21323939414146
21323939414244
21323939414245
21323939414246
21323939414344
21323939414345
21323939414346
21323940394144
21323940394145
21323940394146
21323940394244
21323940394245
21323940394246
21323940394344
21323940394345
21323940394346
21323940404144
21323940404145
21323940404146
21323940404244
21323940404245
21323940404246
21323940404344
21323940404345
21323940404346
21323940414144
21323940414145
21323940414146
21323940414244
21323940414245
21323940414246
21323940414344
21323940414345
21323940414346
  262   21323940414346
Timing: 0.0405254 s.
Neger: 2187 2187
